name,m,x,y,z,vx,vy,vz
Sun (10),1.0,0.0,0.0,0.0,0.0,0.0,0.0
Mercury (199),1.6601367952719304e-07,-0.304722357726749,-0.3325775506118373,0.0007792484042775098,0.01502781987915455,-0.01771401095075196,-0.002826112466693565
Venus (299),2.447838938855945e-06,0.3358487710079417,-0.6454036762381928,-0.02823387663640797,0.01780538871474316,0.009267631908437131,-0.0009003591021170165
Earth (399),3.0034895963231186e-06,-0.4057610350996527,0.8960764823628525,-3.824897258943601e-05,-0.01595899905332188,-0.007161063820064753,8.038086728925156e-07
Mars (499),3.2271514450538743e-07,-1.519975252538098,-0.5575780746630177,0.0256189485115503,0.005342258078161586,-0.01194218682096845,-0.0003813521700199525
Jupiter (599),0.0009547919384243222,-4.19699346364062,-3.443789332425801,0.1082136923541245,0.004699976227606208,-0.005483274298649877,-8.240419802724855e-05
Saturn (699),0.0002858859806661029,0.1191203686426452,-10.06281706200848,0.1701624150290715,0.005277632018899796,4.474047167115414e-05,-0.0002111106235944936
Uranus (799),4.3662440433515637e-05,17.69632862621499,9.102683736665599,-0.1953321686364547,-0.001822781884560703,0.003308861036154294,3.603925675999578e-05
Neptune (899),5.151389020535497e-05,28.69205245834975,-8.555987061435763,-0.4850934912251876,0.0008810481133187169,0.003021874277187614,-8.257551275522695e-05
PANSTARRS (P/2019 X2),1e-20,3.363921595310205,-2.936180670777269,1.178089193912616,0.00172757726263056,0.006622933667081569,-0.0001533569231167814
Lemmon (C/2012 BJ98),1e-20,12.56884015636503,-4.59135100345081,-0.3614603160047066,0.005123569161509403,0.0008807434479671751,-0.0002181765816978563
LINEAR (P/2015 TP200),1e-20,-4.207539227294101,1.404901530367203,0.2940358202634314,-0.006472566651735514,-0.007052819302611291,-0.000958984784237718
144P/Kushida,1e-20,-2.254047614791984,-3.672353189801362,-0.0375890268926344,0.002633197425951334,-0.007318112378792622,0.0003930509778807317
328P/LONEOS-Tucker,1e-20,-4.667732655504565,2.21930448466331,0.2012110666393008,-0.005463937546810591,-0.003409464453568436,-0.001578086534440849
235P/LINEAR,1e-20,-2.624489645810607,0.7917574455719318,-0.2831651991275029,-0.002807146103286967,-0.01142890589722368,0.001447773225628928
Hill (P/2014 L3),1e-20,1.568052744767476,8.948815370338595,-0.5789016293953994,-0.002642021708775682,0.004663576969386506,4.127661282217755e-05
73P-K/Schwassmann-Wachmann 3,1e-20,2.259695522078435,2.301760385500143,-0.2620597181324709,-0.0002426107728872443,0.00930905202363207,0.0006885627357013361
Catalina (P/1999 XN120),1e-20,-1.985473898659347,2.789198951814122,-0.1038126112127995,-0.008786748067246983,-0.004905013385911373,-0.0008597710052766946
Christensen (C/2014 M2),1e-20,9.163249318563478,0.273520971577939,5.209156847976715,0.004350115424584542,0.006014760344276869,0.0009099938054799949
377P/Scotti,1e-20,-4.690185580426569,3.595638001100513,-0.9322498942739651,-0.003070566977610291,-0.00673178615601517,0.0003904640942420271
277P/LINEAR,1e-20,-0.5477925718417638,-5.560099997162633,-0.3487906540319233,0.005100926995500449,0.0007640915521611088,0.001551920115054718
ATLAS (C/2020 X2),1e-20,7.545935199317801,-1.311744453801328,-2.274921260736491,-0.003946395872489,0.006312619550571498,0.0006959688089795348
SOHO (P/2003 T12),1e-20,-3.911845323954642,-2.252958958213565,0.5034328987767857,0.001181101669938254,-0.003707018080273861,0.0007182104278506038
McNaught (P/2011 P1),1e-20,-7.867000308228077,5.168895272431784,0.5677814067484539,-0.003411054795889208,-0.003390433250886662,-0.0003090741501729435
73P-AC/Schwassmann-Wachmann 3,1e-20,2.260676080064069,1.988353307602776,-0.2854846481947252,0.000513584326900957,0.00999292630135995,0.0005944054012411052
Christensen (C/2014 M2),1e-20,9.163249318563478,0.273520971577939,5.209156847976715,0.004350115424584542,0.006014760344276869,0.0009099938054799949
PANSTARRS (P/2019 S2),1e-20,-1.148491441066146,-3.894288265278446,0.2511198945410082,0.008878724243526339,-0.001265242477774894,-0.001625293998917284
Scotti (P/2010 H4),1e-20,6.928673525246456,4.615875689998249,-0.06481560926542994,-0.002501567669666031,0.004464452766246935,0.0001993090424501597
73P-M/Schwassmann-Wachmann 3,1e-20,2.262218701271572,2.235718196424238,-0.2674605285727932,-9.010110670413821e-05,0.009453958845699594,0.0006701729251794626
73P-BE/Schwassmann-Wachmann 3,1e-20,1.92156778499756,3.603439197457141,-0.09550015679232975,-0.002769317825170685,0.006189361154651318,0.0009214558470236738
415P/Tenagra,1e-20,4.652916195026912,-0.2879645052616685,-0.7999787680473802,-0.00115441768358887,0.006326176464578107,-0.003446783447143228
73P-AO/Schwassmann-Wachmann 3,1e-20,2.269260501897465,2.17010205357015,-0.2766781808234803,6.78987437577216e-05,0.00958432665534296,0.0006306076564948964
Leonard (P/2018 L5),1e-20,0.3305401858386724,-2.395772224490826,0.07971330205416793,0.01220451328370863,0.003734457524970553,0.0001855931529310593
405P/Lemmon,1e-20,3.188575177748685,-5.018192211154399,-0.8566052462568176,0.002822009758763783,0.002884575336881962,0.0004480483975389843
247P/LINEAR,1e-20,3.140457503242527,-0.7495178337486469,-0.7246967099863649,-0.003897215877010321,0.00920900235839667,0.002081803115792802
222P/LINEAR,1e-20,-4.152428848438245,-1.019377448623534,-0.04599176459127892,0.004692809516050016,-0.003756760815098928,-0.0003839211967955507
Leonard (P/2020 S6),1e-20,-1.719841438712697,-4.92757232629032,0.2048939114681939,0.005372787680938401,-0.0007178878865722348,0.00141012824420416
PANSTARRS (C/2016 P4),1e-20,6.341445531929778,-0.7180984211359991,1.983673611722436,0.002864541701755106,0.007712082259485933,0.004474074162880173
LINEAR (P/2010 WK),1e-20,-5.603218587618381,-7.806847879430099,-1.321590796641552,0.002677654259877287,-0.001497218958980168,-0.0004029740076023414
Spacewatch (P/2010 UH55),1e-20,-0.9184690050407666,-9.971396641665498,0.7410107678789436,0.00349241960280857,-0.001358988883180849,0.0005214704060654974
205P/Giacobini,1e-20,-4.226045078827208,3.238484136837225,-0.8773153867013495,-0.004118875398392112,-0.002934258772177801,0.0008096478336840127
100P/Hartley 1,1e-20,4.016660554795126,0.1961947669732576,-1.102562059672041,0.002927170529211009,0.006656076047424126,0.001663712974585719
Palomar (P/2019 LM4),1e-20,3.177548224488072,2.733448665258581,-1.644317804269509,-0.006666873281345095,0.002714919477835318,0.005285404842019974
Gilmore (P/2007 Q2),1e-20,-7.011051183391407,-0.9775726295568435,0.3448613042263309,0.004138554764583556,-0.00367794295068579,0.0005561684740799963
137P/Shoemaker-Levy 2,1e-20,0.2461369685012947,-3.349027180521718,0.1875435490187934,0.00845997368560883,0.006231709349158944,0.0002564686337569637
73P-BR/Schwassmann-Wachmann 3,1e-20,2.040029801772515,3.357753685325199,-0.139938232839068,-0.002332277970130438,0.006839363548291103,0.0008926918617593576
73P-BR/Schwassmann-Wachmann 3,1e-20,2.040029801772515,3.357753685325199,-0.139938232839068,-0.002332277970130438,0.006839363548291103,0.0008926918617593576
Elenin (P/2011 NO1),1e-20,8.956035065886246,3.464559380509797,2.632135959893428,-0.001198423572287543,0.002280055925597549,-2.223226951713536e-05
Larsen (C/2004 C1),1e-20,2.199142430720623,-16.48276802085195,7.299015048026742,0.002570934257076903,-0.0008823005047108315,-0.0002451149704372455
230P/LINEAR,1e-20,-3.569046245203904,-3.209892922899219,1.175706381667606,0.001861154920004966,-0.005422906632172702,5.243368830778946e-05
301P/LINEAR-NEAT,1e-20,6.394351151357053,-3.525453095579111,-0.4574985602112773,0.004759653964406253,0.002504543428544615,0.0005861990271931368
369P/Hill,1e-20,2.615585884005374,-1.394746853549296,-0.5217131492820853,4.761266708069278e-06,0.0112819430123894,0.001390426047840166
Kowalski (C/2015 D5),1e-20,-5.702185013101756,-5.50919679749407,1.483659282676505,0.001292524902237926,-0.00613621404270274,-0.00109289894540411
Harrington-Wilson (D/1952 B1),1e-20,-1.21276331822801,-2.850181359728758,0.6213280251792955,0.004764750747334547,-0.008404004446277914,-5.138877180785873e-05
Spacewatch (P/2010 UH55),1e-20,-0.9184690050407666,-9.971396641665498,0.7410107678789436,0.00349241960280857,-0.001358988883180849,0.0005214704060654974
214P/LINEAR,1e-20,4.223499134722,-2.3246154906093,-0.3852009977059925,0.004926623816337085,0.003813280104269157,0.001286703438956768
285P/LINEAR,1e-20,-7.275876764370291,-0.2424110577747458,-0.2112892702325201,-0.000196132805690069,-0.003585128156829583,0.001656380878219293
250P/Larson,1e-20,-0.8041338029712374,2.041653146803291,0.317823935602448,-0.012231695387347,-0.005679673888965545,0.002395951200753429
73P-BI/Schwassmann-Wachmann 3,1e-20,1.928947325840888,3.59087703323271,-0.09890435604987621,-0.002747971121131209,0.006219250342520097,0.0009187828982963843
414P/STEREO,1e-20,0.572869202805717,-4.67877678648504,0.6686535367286403,0.003530365149748106,-0.001825433622752651,0.001659496265085663
73P-X/Schwassmann-Wachmann 3,1e-20,2.263442634233663,2.095873607290696,-0.278102788928256,0.0002444629523164801,0.009759245292817305,0.0006285049790434672
73P-AG/Schwassmann-Wachmann 3,1e-20,2.257317909148892,1.904686833602325,-0.2911426824900859,0.0007325661039636125,0.01017081755536938,0.0005651465393082736
379P/Spacewatch,1e-20,-0.2463790449522984,3.693212209023229,-0.8128258785720504,-0.007822016646097826,-0.003273850571827174,0.0005962213854315256
Gibbs (P/2014 W12),1e-20,-4.768125916235927,2.403168205495397,-0.4466867066937295,-0.002480659283838304,-0.004452983083000166,-0.0006496757984731773
McNaught (P/2012 O1),1e-20,-3.469227359610816,-1.26195904644303,0.4577265130420809,0.007167935144341568,-0.004826675560815061,-0.0009109524849357569
Elenin (C/2015 X4),1e-20,-6.025656213604989,0.2647153571120068,-3.400268375377652,-0.005251212411245069,-0.005934365227350678,-0.002515035809264223
73P-Z/Schwassmann-Wachmann 3,1e-20,2.271760420468857,2.163370545100783,-0.2792946707207961,8.371908543287628e-05,0.009592217876074399,0.000626336104158033
57P-A/duToit-Neujmin-Delporte,1e-20,-1.877942868293205,4.693669919732202,-0.2451064253650621,-0.005494329022738727,-0.0009865378968961361,6.61024757368811e-06
PANSTARRS (C/2016 P4),1e-20,6.341445531929778,-0.7180984211359991,1.983673611722436,0.002864541701755106,0.007712082259485933,0.004474074162880173
134P/Kowal-Vavrova,1e-20,7.758184073117074,0.6463651808840074,0.1762981307705373,0.00257518443702508,0.004684329227404409,-0.0002565903413821335
PANSTARRS (P/2018 P4),1e-20,2.872165137562048,-2.69446472057981,-0.9947152030988693,0.005161547090633901,0.007853506709330105,0.003592417132281577
346P/Catalina,1e-20,-3.044464165103066,0.7285595139826266,1.147529131002665,-0.005971354822242512,-0.008132853806261406,0.003095389152891581
PANSTARRS (P/2012 C3),1e-20,-1.453029575833964,-11.50231340636625,1.471192510741966,0.003203791048235535,-0.003200111555646146,-2.335513104314791e-05
267P/LONEOS,1e-20,-1.205059817110352,-2.008254754969267,0.04522637001068518,0.01260184788960483,0.0009142608539572851,0.0009529983271732335
McNaught (P/2013 J2),1e-20,-4.813550314518664,7.437936697279866,-0.5745436605072343,-0.004234401359263886,5.604134153357401e-05,-0.001103659354888131
121P/Shoemaker-Holt 2,1e-20,0.1597834436684313,-5.394428320922078,0.08448952197179328,0.006312447877002051,-0.0002111421274707271,-0.002305975781776628
Palomar (P/2019 LM4),1e-20,3.177548224488072,2.733448665258581,-1.644317804269509,-0.006666873281345095,0.002714919477835318,0.005285404842019974
73P-AK/Schwassmann-Wachmann 3,1e-20,2.252309894214869,2.404557957425282,-0.248457880625091,-0.0004687184708199641,0.009084304273942894,0.0007326265763634111
150P/LONEOS,1e-20,1.352469120833674,-4.02100237556931,0.39572960981517,0.007310077194824589,-0.001837166203918617,0.002419284197822565
PANSTARRS (P/2014 U4),1e-20,-5.103408220774918,-0.3890052678528703,0.07730646626505087,0.0007716217925207499,-0.005479270873919593,-0.0006240041112105072
213P-B/Van Ness,1e-20,2.139146391225279,0.02132630773257743,0.2968320054002492,0.00254875081742393,0.01324151729864695,0.001951923198058816
PANSTARRS (P/2020 M1),1e-20,-0.386315037997928,4.949122126446812,-0.5643092355043773,-0.006492532705049399,-0.004117774752690095,0.001092304922031142
251P/LINEAR,1e-20,1.878176000953155,-1.10289838622083,0.8856081709134179,0.01065494887197492,0.007318402974823366,0.0004804518321733551
368P/NEAT,1e-20,1.351681776958492,-2.610757486166326,0.5168836344940038,0.006403896523216351,0.0101166759878688,0.00115151753457593
PANSTARRS (C/2014 W11),1e-20,-0.1132562773498289,-6.928066358799645,-0.7043906846891564,0.005679522371166978,-0.004669901208934527,0.0006931562811582264
Boattini (P/2011 V1),1e-20,-2.133368509252929,-1.850951317928125,0.03615912264016528,0.01081842905896306,-0.003718782422966922,-0.001350832491657332
339P/Gibbs,1e-20,4.286044503611757,-1.278305339325511,0.07331485538058664,0.005883033142644628,0.004160927899492731,-0.0004896122001204844
155P/Shoemaker 3,1e-20,5.462406004525795,-1.722268052693869,-0.5832523762786569,-0.003647943596849646,0.00666770558728592,0.0003118494898322141
361P/Spacewatch,1e-20,2.789108299419519,1.111839741058924,0.01999397406333302,-0.006388450194708217,0.009424635145677087,-0.002763730699906293
Zhao (P/2007 S1),1e-20,-4.822781659158217,-0.04226523633146541,0.3172695528978086,-0.001355415654480874,-0.006512617621721329,0.0006209011911312031
341P/Gibbs,1e-20,-0.4824496094970984,4.259443659553637,0.2604510546602194,-0.007894280249463375,0.002546722360882014,0.0004083329366611777
PANSTARRS (P/2011 W1),1e-20,1.49451453884005,-5.644656597735166,0.318101271330275,0.00567061716088325,0.002337915238780597,-0.000259392962325201
361P/Spacewatch,1e-20,2.789108299419519,1.111839741058924,0.01999397406333302,-0.006388450194708217,0.009424635145677087,-0.002763730699906293
